Frame,ID,X_pred,Y_pred,X_true,Y_true
0,0,1836,691,1836,691
0,1,1105,683,1105,683
0,2,828,685,828,685
0,3,589,663,589,663
0,4,918,656,918,656
0,5,495,656,495,656
0,6,788,652,788,652
0,7,429,650,429,650
0,8,1023,666,1023,666
0,9,1248,671,1248,671
0,10,723,646,723,646
0,11,1350,678,1350,678
0,12,1350,678,1350,678
0,13,1201,667,1201,667
0,14,483,615,483,615
1,0,1843,692,1843,692
1,1,1115,683,1115,683
1,2,835,686,835,686
1,3,593,663,593,663
1,4,923,656,923,656
1,5,499,656,499,656
1,6,790,653,790,653
1,7,431,650,431,650
1,8,1026,665,1026,665
1,9,1255,670,1255,670
1,10,727,646,727,646
1,12,1359,678,1359,678
1,13,1209,668,1209,668
1,14,486,613,486,613
2,0,1852,692,1852,692
2,1,1124,684,1124,684
2,2,842,687,842,687
2,3,598,663,598,663
2,4,930,656,930,656
2,5,502,657,502,657
2,6,796,653,796,653
2,7,435,650,435,650
2,8,1035,665,1035,665
2,9,1266,670,1266,670
2,10,735,647,735,647
2,11,1367,679,1367,679
2,13,1215,669,1215,669
2,14,487,614,487,614
3,0,1854,693,1854,693
3,1,1135,685,1135,685
3,2,851,688,851,688
3,3,603,664,603,664
3,4,936,657,936,657
3,5,505,658,505,658
3,6,801,652,801,652
3,7,438,650,438,650
3,8,1043,665,1043,665
3,9,1276,670,1276,670
3,10,737,647,737,647
3,11,1377,680,1377,680
3,13,1223,669,1223,669
3,14,488,614,488,614
4,0,1869,694,1869,694
4,1,1147,685,1147,685
4,2,861,689,861,689
4,3,605,664,605,664
4,4,942,657,942,657
4,5,507,657,507,657
4,6,805,652,805,652
4,7,441,650,441,650
4,8,1049,666,1049,666
4,10,739,647,739,647
4,11,1386,680,1386,680
4,12,220,641,220,641
4,14,491,614,491,614
5,0,1880,703,1880,703
5,1,1158,686,1158,686
5,2,869,690,869,690
5,3,609,664,609,664
5,4,949,657,949,657
5,5,509,658,509,658
5,6,809,653,809,653
5,7,444,650,444,650
5,8,1054,667,1054,667
5,9,1245,670,1245,670
5,10,743,647,743,647
5,11,1394,681,1394,681
5,13,1814,654,1814,654
5,14,493,614,493,614
6,0,1892,707,1892,707
6,1,1169,687,1169,687
6,2,878,691,878,691
6,3,616,665,616,665
6,4,955,657,955,657
6,5,513,658,513,658
6,6,814,653,814,653
6,7,448,650,448,650
6,8,1061,667,1061,667
6,9,1256,670,1256,670
6,10,746,647,746,647
6,11,1401,681,1401,681
6,13,1791,654,1791,654
7,1,1181,688,1181,688
7,2,887,691,887,691
7,3,622,665,622,665
7,4,961,656,961,656
7,5,518,659,518,659
7,6,818,654,818,654
7,7,452,650,452,650
7,8,1069,667,1069,667
7,9,1267,671,1267,671
7,11,1412,682,1412,682
7,13,1766,654,1766,654
8,0,757,648,757,648
8,1,1192,688,1192,688
8,2,896,692,896,692
8,3,627,666,627,666
8,4,972,658,972,658
8,5,519,658,519,658
8,6,823,654,823,654
8,7,456,650,456,650
8,8,1075,668,1075,668
8,9,1278,671,1278,671
8,11,1423,683,1423,683
8,13,1742,653,1742,653
9,0,760,648,760,648
9,1,1204,689,1204,689
9,2,906,692,906,692
9,3,633,666,633,666
9,4,978,659,978,659
9,5,522,658,522,658
9,6,827,654,827,654
9,7,459,650,459,650
9,8,1082,668,1082,668
9,9,1288,672,1288,672
9,10,725,640,725,640
9,11,1433,683,1433,683
9,13,1720,653,1720,653
10,1,1216,690,1216,690
10,2,915,693,915,693
10,3,638,667,638,667
10,4,983,659,983,659
10,5,525,658,525,658
10,6,832,655,832,655
10,7,464,651,464,651
10,8,1090,668,1090,668
10,10,729,640,729,640
10,11,1444,684,1444,684
10,13,1698,652,1698,652
11,0,768,649,768,649
11,1,1228,691,1228,691
11,2,924,695,924,695
11,3,643,667,643,667
11,4,988,660,988,660
11,5,530,659,530,659
11,6,836,655,836,655
11,7,466,651,466,651
11,8,1098,669,1098,669
11,9,1313,673,1313,673
11,10,733,641,733,641
11,11,1457,684,1457,684
11,12,511,615,511,615
11,13,1676,651,1676,651
12,1,1240,691,1240,691
12,2,935,695,935,695
12,3,648,667,648,667
12,4,995,660,995,660
12,5,536,659,536,659
12,6,841,655,841,655
12,8,1102,670,1102,670
12,11,1468,685,1468,685
12,12,512,616,512,616
12,13,1656,650,1656,650
13,0,477,652,477,652
13,1,1253,693,1253,693
13,2,945,696,945,696
13,3,654,668,654,668
13,4,1002,660,1002,660
13,5,540,659,540,659
13,6,846,655,846,655
13,7,778,649,778,649
13,8,1108,670,1108,670
13,9,248,645,248,645
13,10,309,643,309,643
13,11,1481,686,1481,686
13,12,514,616,514,616
13,13,1634,650,1634,650
13,14,741,640,741,640
14,0,479,652,479,652
14,1,1266,693,1266,693
14,2,956,697,956,697
14,3,659,668,659,668
14,4,1008,660,1008,660
14,5,544,659,544,659
14,6,850,656,850,656
14,7,783,650,783,650
14,8,1118,670,1118,670
14,11,1491,686,1491,686
14,12,517,615,517,615
14,13,1621,651,1621,651
15,0,482,652,482,652
15,1,1278,694,1278,694
15,2,966,697,966,697
15,3,665,669,665,669
15,4,1015,660,1015,660
15,5,549,661,549,661
15,6,856,656,856,656
15,8,1127,671,1127,671
15,9,256,645,256,645
15,11,1503,687,1503,687
15,12,519,614,519,614
15,13,1610,650,1610,650
16,0,484,652,484,652
16,1,1292,695,1292,695
16,2,976,698,976,698
16,3,671,669,671,669
16,4,1021,660,1021,660
16,5,553,662,553,662
16,6,860,656,860,656
16,7,791,650,791,650
16,8,1133,672,1133,672
16,9,260,646,260,646
16,10,1371,666,1371,666
16,11,1516,687,1516,687
16,12,521,615,521,615
16,14,313,641,313,641
16,15,754,640,754,640
17,0,487,651,487,651
17,1,1305,696,1305,696
17,2,987,699,987,699
17,3,676,669,676,669
17,4,1028,661,1028,661
17,5,557,664,557,664
17,6,865,657,865,657
17,8,1145,673,1145,673
17,11,1528,688,1528,688
17,12,524,615,524,615
17,13,1527,688,1527,688
18,0,491,651,491,651
18,1,1320,697,1320,697
18,2,998,700,998,700
18,3,682,669,682,669
18,4,1034,662,1034,662
18,5,561,664,561,664
18,6,870,657,870,657
18,7,802,650,802,650
18,8,1155,673,1155,673
18,9,268,648,268,648
18,10,316,642,316,642
18,11,1542,689,1542,689
18,12,527,615,527,615
19,0,496,652,496,652
19,1,1333,698,1333,698
19,2,1009,701,1009,701
19,3,688,670,688,670
19,4,1041,662,1041,662
19,5,565,664,565,664
19,6,874,657,874,657
19,7,806,650,806,650
19,8,1163,673,1163,673
19,9,271,649,271,649
19,10,319,643,319,643
19,11,1554,689,1554,689
19,12,531,617,531,617
20,0,501,653,501,653
20,1,1348,699,1348,699
20,2,1020,702,1020,702
20,3,694,670,694,670
20,4,1049,663,1049,663
20,5,569,664,569,664
20,6,880,658,880,658
20,7,811,650,811,650
20,8,1173,673,1173,673
20,9,275,650,275,650
20,10,321,644,321,644
20,11,1567,689,1567,689
20,12,533,616,533,616
21,0,504,653,504,653
21,1,1363,699,1363,699
21,2,1031,703,1031,703
21,3,700,671,700,671
21,4,1054,662,1054,662
21,5,574,665,574,665
21,6,883,658,883,658
21,7,814,651,814,651
21,8,1182,674,1182,674
21,9,278,650,278,650
21,11,1580,690,1580,690
21,12,537,615,537,615
22,0,509,653,509,653
22,1,1380,700,1380,700
22,2,1043,704,1043,704
22,3,706,671,706,671
22,4,1061,662,1061,662
22,5,578,665,578,665
22,6,888,658,888,658
22,8,1191,675,1191,675
22,9,281,650,281,650
22,10,1592,690,1592,690
22,11,1594,690,1594,690
23,0,512,654,512,654
23,1,1395,701,1395,701
23,2,1055,705,1055,705
23,3,712,671,712,671
23,4,1067,661,1067,661
23,5,582,666,582,666
23,6,891,658,891,658
23,7,1462,654,1462,654
23,8,1199,675,1199,675
23,9,285,649,285,649
23,11,1607,691,1607,691
24,1,1410,703,1410,703
24,2,1067,706,1067,706
24,3,719,672,719,672
24,5,586,667,586,667
24,6,897,659,897,659
24,8,1209,675,1209,675
24,9,289,650,289,650
24,11,1621,693,1621,693
25,0,1083,659,1083,659
25,1,1425,704,1425,704
25,2,1079,706,1079,706
25,3,725,673,725,673
25,4,539,629,539,629
25,5,591,667,591,667
25,6,902,659,902,659
25,8,1218,676,1218,676
25,9,293,649,293,649
25,11,1633,694,1633,694
26,1,1441,705,1441,705
26,2,1092,708,1092,708
26,3,731,673,731,673
26,4,541,633,541,633
26,5,597,666,597,666
26,6,908,659,908,659
26,7,837,652,837,652
26,8,1227,676,1227,676
26,9,297,649,297,649
26,10,653,643,653,643
26,11,1645,695,1645,695
27,0,1094,652,1094,652
27,1,1458,705,1458,705
27,2,1105,708,1105,708
27,3,738,674,738,674
27,5,601,666,601,666
27,6,912,659,912,659
27,7,841,651,841,651
27,8,1236,677,1236,677
27,9,303,650,303,650
27,10,657,643,657,643
27,11,1660,695,1660,695
27,12,525,654,525,654
27,13,1393,643,1393,643
28,0,1102,652,1102,652
28,1,1475,706,1475,706
28,2,1118,710,1118,710
28,3,745,674,745,674
28,4,554,619,554,619
28,5,607,667,607,667
28,6,917,660,917,660
28,7,846,652,846,652
28,8,1246,677,1246,677
28,9,307,650,307,650
28,10,659,644,659,644
28,11,1670,696,1670,696
28,12,531,655,531,655
28,14,411,629,411,629
29,0,1108,652,1108,652
29,1,1491,708,1491,708
29,2,1131,711,1131,711
29,3,752,675,752,675
29,4,558,615,558,615
29,5,611,668,611,668
29,6,922,660,922,660
29,7,850,652,850,652
29,8,1253,677,1253,677
29,9,309,650,309,650
29,11,1696,696,1696,696
29,12,535,654,535,654
29,13,1361,657,1361,657
30,0,1117,653,1117,653
30,1,1510,709,1510,709
30,2,1144,712,1144,712
30,3,758,675,758,675
30,4,562,614,562,614
30,5,617,668,617,668
30,6,928,660,928,660
30,9,314,651,314,651
30,10,667,645,667,645
31,0,1124,655,1124,655
31,1,1528,711,1528,711
31,2,1159,713,1159,713
31,3,765,675,765,675
31,4,565,614,565,614
31,5,621,669,621,669
31,6,933,660,933,660
31,7,542,655,542,655
31,8,1271,678,1271,678
31,9,317,651,317,651
31,10,671,644,671,644
31,11,1731,697,1731,697
31,12,1349,642,1349,642
32,0,1133,657,1133,657
32,1,1547,713,1547,713
32,2,1173,714,1173,714
32,3,773,675,773,675
32,4,568,612,568,612
32,5,626,669,626,669
32,6,937,660,937,660
32,8,1279,679,1279,679
32,9,323,651,323,651
32,10,674,644,674,644
32,11,1747,698,1747,698
32,13,420,629,420,629
33,0,1141,660,1141,660
33,1,1565,714,1565,714
33,2,1187,715,1187,715
33,3,780,676,780,676
33,4,570,612,570,612
33,5,631,670,631,670
33,6,944,661,944,661
33,7,560,656,560,656
33,8,1287,680,1287,680
33,9,327,651,327,651
33,10,677,644,677,644
33,11,1763,699,1763,699
33,12,1870,692,1870,692
33,13,422,630,422,630
34,0,1149,662,1149,662
34,1,1585,715,1585,715
34,2,1201,717,1201,717
34,3,788,677,788,677
34,5,636,671,636,671
34,6,949,662,949,662
34,9,334,652,334,652
34,10,681,644,681,644
34,11,1780,700,1780,700
35,0,1157,664,1157,664
35,1,1605,716,1605,716
35,2,1216,719,1216,719
35,3,795,677,795,677
35,4,1311,679,1311,679
35,5,642,670,642,670
35,6,955,662,955,662
35,9,339,651,339,651
35,10,684,645,684,645
35,11,1792,701,1792,701
36,0,1165,665,1165,665
36,1,1625,718,1625,718
36,2,1231,720,1231,720
36,3,802,678,802,678
36,4,1332,681,1332,681
36,5,647,671,647,671
36,6,961,662,961,662
36,7,575,657,575,657
36,8,385,636,385,636
36,9,343,651,343,651
36,10,688,645,688,645
36,11,1799,701,1799,701
37,0,1174,667,1174,667
37,1,1646,719,1646,719
37,2,1247,721,1247,721
37,3,810,679,810,679
37,4,1346,681,1346,681
37,5,652,671,652,671
37,6,965,662,965,662
37,7,581,657,581,657
37,8,387,636,387,636
37,9,346,651,346,651
37,10,691,645,691,645
37,11,1809,702,1809,702
37,12,861,639,861,639
37,13,581,635,581,635
37,14,1256,644,1256,644
38,0,1181,668,1181,668
38,1,1668,720,1668,720
38,2,1263,722,1263,722
38,3,817,679,817,679
38,4,1358,682,1358,682
38,5,658,672,658,672
38,6,971,662,971,662
38,7,582,657,582,657
38,8,390,636,390,636
38,9,350,651,350,651
38,10,694,645,694,645
38,11,1813,702,1813,702
38,13,584,635,584,635
38,14,1253,645,1253,645
39,0,1191,668,1191,668
39,1,1689,722,1689,722
39,2,1279,723,1279,723
39,3,825,680,825,680
39,4,1369,682,1369,682
39,5,664,672,664,672
39,6,976,663,976,663
39,7,587,657,587,657
39,8,392,636,392,636
39,9,353,652,353,652
39,10,698,646,698,646
39,11,1824,703,1824,703
39,12,588,620,588,620
39,15,523,635,523,635
40,0,1200,669,1200,669
40,1,1713,722,1713,722
40,2,1295,725,1295,725
40,3,833,680,833,680
40,5,669,672,669,672
40,6,982,663,982,663
40,7,597,657,597,657
40,8,397,636,397,636
40,9,358,652,358,652
40,10,701,646,701,646
40,11,1832,703,1832,703
40,13,591,634,591,634
40,14,1233,643,1233,643
41,0,1209,670,1209,670
41,1,1736,721,1736,721
41,2,1312,726,1312,726
41,3,841,681,841,681
41,4,594,625,594,625
41,5,674,673,674,673
41,6,987,663,987,663
41,7,601,657,601,657
41,8,400,636,400,636
41,9,362,652,362,652
41,10,704,646,704,646
41,11,1840,704,1840,704
42,0,1219,671,1219,671
42,1,1759,724,1759,724
42,2,1330,727,1330,727
42,3,850,682,850,682
42,5,681,674,681,674
42,6,989,663,989,663
42,7,605,657,605,657
42,9,366,653,366,653
42,11,1848,694,1848,694
42,12,598,635,598,635
43,0,1228,671,1228,671
43,1,1773,727,1773,727
43,2,1348,728,1348,728
43,3,858,682,858,682
43,4,1408,682,1408,682
43,5,686,674,686,674
43,6,991,664,991,664
43,7,607,658,607,658
43,8,601,624,601,624
43,9,371,654,371,654
43,11,1856,678,1856,678
44,0,1237,672,1237,672
44,1,1784,729,1784,729
44,2,1366,730,1366,730
44,3,866,683,866,683
44,4,1419,680,1419,680
44,5,692,674,692,674
44,6,998,665,998,665
44,7,611,658,611,658
44,9,375,654,375,654
44,10,604,637,604,637
44,11,1863,670,1863,670
44,12,1177,638,1177,638
45,0,1247,673,1247,673
45,1,1795,731,1795,731
45,2,1384,732,1384,732
45,3,875,683,875,683
45,5,699,674,699,674
45,6,1002,665,1002,665
45,7,614,658,614,658
45,8,606,625,606,625
45,9,380,654,380,654
45,11,1872,664,1872,664
45,12,1166,638,1166,638
45,13,1398,677,1398,677
46,0,1255,673,1255,673
46,1,1807,732,1807,732
46,2,1404,734,1404,734
46,3,884,684,884,684
46,5,705,675,705,675
46,6,1008,665,1008,665
46,7,619,658,619,658
46,8,610,625,610,625
46,9,385,655,385,655
46,12,1155,638,1155,638
46,13,1410,676,1410,676
47,0,1264,674,1264,674
47,1,1819,733,1819,733
47,2,1423,736,1423,736
47,3,893,684,893,684
47,5,711,675,711,675
47,6,1014,665,1014,665
47,7,623,658,623,658
47,8,614,627,614,627
47,9,390,655,390,655
47,12,1145,638,1145,638
47,13,1422,675,1422,675
48,0,1273,674,1273,674
48,1,1832,733,1832,733
48,2,1443,737,1443,737
48,3,901,685,901,685
48,5,718,675,718,675
48,6,1021,665,1021,665
48,7,627,659,627,659
48,8,617,629,617,629
48,9,394,655,394,655
48,12,1135,638,1135,638
48,13,1431,674,1431,674
49,0,1283,675,1283,675
49,1,1844,732,1844,732
49,2,1464,739,1464,739
49,3,911,686,911,686
49,5,724,677,724,677
49,6,1026,666,1026,666
49,7,632,660,632,660
49,8,621,631,621,631
49,9,399,655,399,655
49,12,1124,638,1124,638
49,13,1442,672,1442,672
50,0,1295,675,1295,675
50,1,1857,733,1857,733
50,2,1485,741,1485,741
50,3,920,686,920,686
50,5,730,678,730,678
50,6,1032,666,1032,666
50,7,637,660,637,660
50,8,623,632,623,632
50,9,403,656,403,656
50,12,1118,637,1118,637
50,13,1454,670,1454,670
51,0,1314,675,1314,675
51,1,1871,734,1871,734
51,2,1506,743,1506,743
51,3,929,687,929,687
51,4,1468,670,1468,670
51,5,738,678,738,678
51,6,1039,666,1039,666
51,7,643,660,643,660
51,8,625,632,625,632
51,9,408,656,408,656
51,12,1112,637,1112,637
52,0,1317,676,1317,676
52,1,1884,737,1884,737
52,2,1529,744,1529,744
52,3,939,688,939,688
52,4,1478,671,1478,671
52,5,744,678,744,678
52,6,1047,666,1047,666
52,7,647,660,647,660
52,8,628,632,628,632
52,9,415,656,415,656
53,0,1325,677,1325,677
53,1,1898,742,1898,742
53,2,1551,746,1551,746
53,3,949,689,949,689
53,4,1483,673,1483,673
53,5,752,679,752,679
53,6,1054,667,1054,667
53,7,653,661,653,661
53,8,633,633,633,633
53,9,421,657,421,657
53,10,560,636,560,636
53,11,1877,709,1877,709
53,12,300,632,300,632
54,0,1333,678,1333,678
54,2,1575,748,1575,748
54,3,959,689,959,689
54,4,1496,682,1496,682
54,5,758,680,758,680
54,6,1061,667,1061,667
54,7,658,661,658,661
54,8,638,634,638,634
54,9,427,657,427,657
54,10,565,637,565,637
54,12,301,631,301,631
55,0,1344,679,1344,679
55,2,1599,749,1599,749
55,3,969,690,969,690
55,4,1503,686,1503,686
55,5,765,680,765,680
55,6,1068,667,1068,667
55,7,662,661,662,661
55,8,641,633,641,633
55,9,431,658,431,658
55,12,302,630,302,630
56,0,1354,679,1354,679
56,1,571,637,571,637
56,2,1624,753,1624,753
56,3,980,691,980,691
56,4,1514,688,1514,688
56,5,772,681,772,681
56,6,1076,667,1076,667
56,7,668,662,668,662
56,8,644,632,644,632
56,9,436,658,436,658
57,0,1366,679,1366,679
57,2,1650,756,1650,756
57,3,989,691,989,691
57,4,1528,690,1528,690
57,5,779,682,779,682
57,6,1082,667,1082,667
57,7,675,662,675,662
57,8,648,633,648,633
57,9,442,658,442,658
57,10,366,630,366,630
57,11,388,650,388,650
58,0,1377,680,1377,680
58,2,1675,758,1675,758
58,3,1000,692,1000,692
58,4,1543,690,1543,690
58,5,786,682,786,682
58,6,1089,667,1089,667
58,7,681,662,681,662
58,8,652,634,652,634
58,9,448,659,448,659
58,10,367,630,367,630
58,11,395,649,395,649
59,0,1389,681,1389,681
59,2,1702,761,1702,761
59,3,1010,693,1010,693
59,4,1557,691,1557,691
59,5,794,683,794,683
59,6,1096,668,1096,668
59,7,688,663,688,663
59,8,655,634,655,634
59,9,453,660,453,660
59,10,369,630,369,630
59,11,400,649,400,649
60,0,1400,681,1400,681
60,1,970,648,970,648
60,2,1728,763,1728,763
60,3,1021,694,1021,694
60,4,1570,692,1570,692
60,5,801,684,801,684
60,6,1103,668,1103,668
60,7,694,663,694,663
60,8,658,633,658,633
60,9,459,660,459,660
60,11,405,649,405,649
61,0,1412,682,1412,682
61,1,975,648,975,648
61,2,1744,765,1744,765
61,3,1032,694,1032,694
61,4,1582,693,1582,693
61,5,808,684,808,684
61,6,1111,668,1111,668
61,7,701,663,701,663
61,8,661,632,661,632
61,9,466,661,466,661
61,10,1345,646,1345,646
61,11,408,648,408,648
61,12,373,630,373,630
62,0,1423,683,1423,683
62,2,1756,768,1756,768
62,3,1043,695,1043,695
62,4,1595,694,1595,694
62,5,816,685,816,685
62,6,1117,669,1117,669
62,7,706,664,706,664
62,8,666,632,666,632
62,9,471,661,471,661
62,10,1338,646,1338,646
62,11,412,648,412,648
62,12,375,630,375,630
63,0,1436,683,1436,683
63,1,592,638,592,638
63,2,1769,771,1769,771
63,3,1055,696,1055,696
63,4,1609,696,1609,696
63,5,824,686,824,686
63,6,1125,670,1125,670
63,7,711,665,711,665
63,8,670,632,670,632
63,9,477,662,477,662
63,10,1326,646,1326,646
63,11,414,648,414,648
63,12,378,630,378,630
63,13,987,650,987,650
64,0,1447,684,1447,684
64,2,1783,774,1783,774
64,3,1065,697,1065,697
64,4,1623,698,1623,698
64,5,832,687,832,687
64,6,1132,670,1132,670
64,7,716,665,716,665
64,8,674,633,674,633
64,9,483,662,483,662
64,10,1314,646,1314,646
64,11,418,649,418,649
64,12,379,630,379,630
64,13,995,650,995,650
65,0,1460,685,1460,685
65,2,1797,777,1797,777
65,3,1077,698,1077,698
65,4,1635,699,1635,699
65,5,840,687,840,687
65,6,1140,670,1140,670
65,7,723,665,723,665
65,8,679,633,679,633
65,9,489,663,489,663
65,10,1300,645,1300,645
65,11,423,649,423,649
65,12,382,630,382,630
65,13,1002,650,1002,650
66,0,1473,685,1473,685
66,1,604,639,604,639
66,2,1811,777,1811,777
66,3,1090,699,1090,699
66,4,1651,701,1651,701
66,5,848,688,848,688
66,6,1148,670,1148,670
66,7,729,666,729,666
66,8,681,633,681,633
66,9,495,662,495,662
66,10,1287,645,1287,645
66,11,427,650,427,650
66,12,383,630,383,630
66,13,1007,650,1007,650
67,0,1485,686,1485,686
67,2,1826,776,1826,776
67,3,1102,701,1102,701
67,4,1665,701,1665,701
67,5,856,689,856,689
67,6,1155,671,1155,671
67,7,737,666,737,666
67,8,685,634,685,634
67,9,500,663,500,663
67,11,431,650,431,650
67,12,385,631,385,631
67,13,1010,650,1010,650
68,0,1497,687,1497,687
68,1,609,639,609,639
68,2,1841,776,1841,776
68,3,1115,702,1115,702
68,4,1680,702,1680,702
68,5,864,690,864,690
68,6,1163,671,1163,671
68,7,743,666,743,666
68,8,689,634,689,634
68,9,506,664,506,664
68,11,434,651,434,651
68,12,388,631,388,631
68,13,1010,651,1010,651
69,0,1510,687,1510,687
69,1,612,639,612,639
69,2,1857,779,1857,779
69,3,1127,703,1127,703
69,4,1694,702,1694,702
69,5,873,690,873,690
69,6,1171,671,1171,671
69,7,750,667,750,667
69,8,692,634,692,634
69,9,512,665,512,665
69,10,1846,681,1846,681
69,11,438,651,438,651
69,12,391,631,391,631
69,13,1011,652,1011,652
70,0,1523,688,1523,688
70,1,616,639,616,639
70,2,1873,783,1873,783
70,3,1140,704,1140,704
70,4,1708,703,1708,703
70,5,881,691,881,691
70,6,1178,671,1178,671
70,7,755,668,755,668
70,8,696,633,696,633
70,9,519,665,519,665
70,10,1848,685,1848,685
70,11,442,652,442,652
70,13,1027,652,1027,652
71,0,1535,689,1535,689
71,1,619,639,619,639
71,2,1890,791,1890,791
71,3,1153,705,1153,705
71,4,1725,705,1725,705
71,5,890,691,890,691
71,6,1185,669,1185,669
71,7,761,668,761,668
71,8,701,634,701,634
71,9,526,665,526,665
71,11,446,652,446,652
71,12,821,650,821,650
71,13,1039,652,1039,652
71,14,392,631,392,631
72,0,1549,690,1549,690
72,1,622,639,622,639
72,2,1907,793,1907,793
72,3,1167,707,1167,707
72,4,1739,707,1739,707
72,5,900,692,900,692
72,6,1192,665,1192,665
72,7,768,669,768,669
72,8,703,633,703,633
72,9,532,665,532,665
72,10,328,629,328,629
72,11,450,652,450,652
72,12,826,651,826,651
72,13,1047,652,1047,652
72,14,392,631,392,631
73,0,1562,690,1562,690
73,1,625,639,625,639
73,3,1180,708,1180,708
73,4,1754,707,1754,707
73,5,908,693,908,693
73,6,1199,662,1199,662
73,7,776,669,776,669
73,8,708,633,708,633
73,9,539,666,539,666
73,10,330,629,330,629
73,11,454,652,454,652
73,12,830,652,830,652
73,13,1054,653,1054,653
74,0,1577,691,1577,691
74,1,627,639,627,639
74,2,395,632,395,632
74,3,1194,709,1194,709
74,4,1769,708,1769,708
74,5,918,694,918,694
74,6,1207,661,1207,661
74,7,782,670,782,670
74,8,711,633,711,633
74,9,546,666,546,666
74,11,458,652,458,652
74,12,835,652,835,652
74,13,1060,653,1060,653
75,0,1590,691,1590,691
75,1,631,639,631,639
75,3,1209,710,1209,710
75,4,1777,709,1777,709
75,5,927,695,927,695
75,6,1214,660,1214,660
75,7,789,671,789,671
75,8,716,634,716,634
75,9,552,666,552,666
75,10,334,630,334,630
75,11,463,653,463,653
75,12,841,653,841,653
75,13,1068,654,1068,654
76,0,1604,692,1604,692
76,1,634,640,634,640
76,3,1224,711,1224,711
76,4,1784,710,1784,710
76,5,936,696,936,696
76,7,796,671,796,671
76,8,721,634,721,634
76,9,559,667,559,667
76,10,335,630,335,630
76,11,466,653,466,653
76,12,846,653,846,653
76,13,1075,654,1075,654
77,0,1618,693,1618,693
77,1,637,640,637,640
77,2,401,632,401,632
77,3,1239,713,1239,713
77,4,1790,711,1790,711
77,5,947,696,947,696
77,7,803,671,803,671
77,8,724,635,724,635
77,9,565,667,565,667
77,10,337,630,337,630
77,11,470,653,470,653
77,12,850,653,850,653
77,13,1083,654,1083,654
78,0,1633,694,1633,694
78,1,641,640,641,640
78,2,404,632,404,632
78,3,1253,715,1253,715
78,4,1798,711,1798,711
78,5,956,697,956,697
78,6,1226,652,1226,652
78,7,810,672,810,672
78,8,728,634,728,634
78,9,573,668,573,668
78,10,337,630,337,630
78,11,474,654,474,654
78,12,855,653,855,653
78,13,1089,652,1089,652
78,14,272,627,272,627
78,15,1646,651,1646,651
79,0,1648,695,1648,695
79,1,645,641,645,641
79,2,405,632,405,632
79,3,1268,715,1268,715
79,4,1805,713,1805,713
79,5,966,698,966,698
79,7,817,672,817,672
79,8,731,634,731,634
79,9,579,668,579,668
79,11,478,654,478,654
79,12,859,653,859,653
79,13,1097,653,1097,653
79,14,274,628,274,628
79,15,1617,647,1617,647
80,0,1663,695,1663,695
80,1,648,640,648,640
80,2,407,632,407,632
80,3,1284,716,1284,716
80,4,1813,714,1813,714
80,5,977,698,977,698
80,6,1234,656,1234,656
80,7,824,672,824,672
80,8,736,634,736,634
80,9,587,669,587,669
80,10,340,631,340,631
80,11,483,654,483,654
80,12,865,654,865,654
80,13,1104,655,1104,655
80,14,274,628,274,628
80,15,1590,647,1590,647
81,0,1680,696,1680,696
81,1,651,641,651,641
81,2,409,632,409,632
81,3,1299,717,1299,717
81,4,1821,714,1821,714
81,5,986,699,986,699
81,6,1243,663,1243,663
81,7,831,672,831,672
81,8,740,634,740,634
81,9,594,668,594,668
81,10,343,631,343,631
81,11,487,655,487,655
81,13,1110,655,1110,655
81,15,1567,647,1567,647
82,0,1695,697,1695,697
82,1,655,640,655,640
82,2,409,632,409,632
82,3,1314,718,1314,718
82,4,1827,713,1827,713
82,5,996,699,996,699
82,6,1250,668,1250,668
82,7,839,673,839,673
82,8,746,634,746,634
82,9,602,669,602,669
82,10,344,631,344,631
82,11,490,655,490,655
82,12,874,652,874,652
82,13,1119,656,1119,656
82,14,85,610,85,610
83,0,1711,698,1711,698
83,1,658,640,658,640
83,2,413,632,413,632
83,3,1332,719,1332,719
83,4,1835,713,1835,713
83,5,1007,700,1007,700
83,6,1258,673,1258,673
83,7,845,673,845,673
83,8,749,636,749,636
83,9,610,669,610,669
83,10,346,631,346,631
83,11,495,655,495,655
83,12,878,651,878,651
83,13,1127,656,1127,656
84,0,1727,699,1727,699
84,2,411,633,411,633
84,3,1349,720,1349,720
84,4,1844,713,1844,713
84,5,1017,701,1017,701
84,6,1268,675,1268,675
84,7,853,673,853,673
84,8,755,636,755,636
84,9,617,670,617,670
84,10,347,631,347,631
84,11,498,656,498,656
84,13,1134,657,1134,657
84,14,1499,646,1499,646
85,0,1745,700,1745,700
85,2,415,633,415,633
85,3,1366,722,1366,722
85,4,1851,714,1851,714
85,5,1029,702,1029,702
85,6,1277,677,1277,677
85,7,860,674,860,674
85,8,760,635,760,635
85,9,624,671,624,671
85,10,349,631,349,631
85,11,502,656,502,656
85,13,1137,657,1137,657
85,14,1477,645,1477,645
86,0,1761,701,1761,701
86,1,87,610,87,610
86,2,417,633,417,633
86,3,1384,723,1384,723
86,4,1859,715,1859,715
86,5,1040,703,1040,703
86,6,1286,677,1286,677
86,7,868,675,868,675
86,8,764,637,764,637
86,9,631,672,631,672
86,10,351,631,351,631
86,11,507,657,507,657
86,13,1135,658,1135,658
87,0,1778,702,1778,702
87,2,415,634,415,634
87,3,1403,724,1403,724
87,4,1868,723,1868,723
87,5,1052,705,1052,705
87,6,1295,678,1295,678
87,7,875,675,875,675
87,8,769,637,769,637
87,9,639,672,639,672
87,10,352,631,352,631
87,11,510,657,510,657
87,12,673,642,673,642
87,13,1152,658,1152,658
87,14,1439,644,1439,644
87,15,557,645,557,645
88,0,1798,703,1798,703
88,1,93,610,93,610
88,2,417,634,417,634
88,3,1421,726,1421,726
88,4,1875,730,1875,730
88,5,1063,706,1063,706
88,6,1303,678,1303,678
88,7,883,674,883,674
88,8,775,639,775,639
88,9,647,672,647,672
88,10,354,631,354,631
88,11,514,657,514,657
88,12,677,640,677,640
88,13,1165,659,1165,659
88,14,1424,644,1424,644
88,15,562,646,562,646
89,0,1818,704,1818,704
89,1,95,609,95,609
89,2,418,634,418,634
89,3,1440,727,1440,727
89,5,1074,706,1074,706
89,6,1312,679,1312,679
89,7,891,675,891,675
89,8,779,639,779,639
89,9,655,673,655,673
89,10,357,632,357,632
89,11,517,657,517,657
89,12,681,638,681,638
89,13,1175,658,1175,658
89,14,1410,643,1410,643
89,15,567,645,567,645
89,16,291,629,291,629
90,0,1829,705,1829,705
90,1,95,609,95,609
90,3,1460,729,1460,729
90,5,1086,707,1086,707
90,6,1323,679,1323,679
90,7,899,675,899,675
90,8,784,638,784,638
90,9,663,674,663,674
90,10,358,632,358,632
90,11,522,658,522,658
90,12,683,637,683,637
90,13,1183,658,1183,658
90,15,570,645,570,645
91,0,1838,706,1838,706
91,1,93,609,93,609
91,2,420,634,420,634
91,3,1478,730,1478,730
91,5,1098,708,1098,708
91,6,1332,680,1332,680
91,7,907,675,907,675
91,8,788,638,788,638
91,9,671,675,671,675
91,10,359,632,359,632
91,11,526,659,526,659
91,12,687,637,687,637
91,13,1192,659,1192,659
91,15,574,645,574,645
92,0,1847,707,1847,707
92,2,420,634,420,634
92,3,1499,731,1499,731
92,5,1111,709,1111,709
92,6,1343,680,1343,680
92,7,915,675,915,675
92,8,793,638,793,638
92,9,679,675,679,675
92,11,530,659,530,659
92,13,1201,660,1201,660
93,0,1856,707,1856,707
93,1,363,636,363,636
93,2,421,634,421,634
93,3,1521,733,1521,733
93,4,585,645,585,645
93,5,1124,710,1124,710
93,6,1352,681,1352,681
93,7,924,676,924,676
93,8,798,637,798,637
93,9,688,676,688,676
93,11,535,660,535,660
94,0,1866,708,1866,708
94,1,365,634,365,634
94,2,422,635,422,635
94,3,1542,735,1542,735
94,4,596,646,596,646
94,5,1136,711,1136,711
94,6,1363,683,1363,683
94,7,932,676,932,676
94,8,803,638,803,638
94,9,697,676,697,676
94,10,96,609,96,609
94,11,539,660,539,660
94,12,299,630,299,630
95,0,1875,708,1875,708
95,1,367,633,367,633
95,2,423,635,423,635
95,3,1563,737,1563,737
95,4,602,646,602,646
95,5,1149,712,1149,712
95,6,1376,684,1376,684
95,7,941,677,941,677
95,8,808,638,808,638
95,9,705,677,705,677
95,10,97,609,97,609
95,11,543,661,543,661
95,12,299,630,299,630
95,13,1232,661,1232,661
96,0,1885,710,1885,710
96,1,369,632,369,632
96,2,424,635,424,635
96,3,1586,739,1586,739
96,4,609,647,609,647
96,5,1162,714,1162,714
96,6,1387,685,1387,685
96,7,949,679,949,679
96,8,812,638,812,638
96,9,714,678,714,678
96,10,97,609,97,609
96,11,547,661,547,661
96,12,300,630,300,630
96,13,1238,661,1238,661
96,14,501,639,501,639
97,0,1895,714,1895,714
97,1,370,632,370,632
97,2,425,635,425,635
97,3,1609,741,1609,741
97,4,613,647,613,647
97,5,1176,714,1176,714
97,6,1399,686,1399,686
97,7,958,680,958,680
97,8,817,639,817,639
97,9,724,679,724,679
97,10,92,609,92,609
97,11,552,661,552,661
97,12,300,630,300,630
98,0,1905,717,1905,717
98,1,372,631,372,631
98,2,426,635,426,635
98,3,1633,743,1633,743
98,4,618,647,618,647
98,5,1189,715,1189,715
98,6,1412,686,1412,686
98,7,966,681,966,681
98,8,820,639,820,639
98,9,733,679,733,679
98,10,90,609,90,609
98,11,556,660,556,660
98,13,507,639,507,639
98,14,895,649,895,649
99,1,374,633,374,633
99,2,428,635,428,635
99,3,1657,745,1657,745
99,4,623,648,623,648
99,5,1204,717,1204,717
99,6,1425,687,1425,687
99,7,975,682,975,682
99,8,823,640,823,640
99,9,742,680,742,680
99,10,94,609,94,609
99,11,560,661,560,661
99,12,463,632,463,632
99,13,510,639,510,639
99,14,901,650,901,650
100,2,1533,664,429,635
100,3,1294,716,1683,747
100,4,1366,632,629,648
100,5,1366,647,1219,718
100,6,1312,705,1441,687
100,7,1376,705,984,683
100,8,1151,725,830,640
100,9,1209,642,751,680
100,10,1399,711,98,609
100,11,894,596,565,661
100,12,1253,702,465,633
100,13,1156,725,513,639
100,14,1107,706,908,651
101,0,975,719,377,634
101,1,893,627,1313,661
101,2,1527,663,431,635
101,3,1293,714,1708,748
101,4,1360,632,634,648
101,5,1360,647,1233,720
101,6,1311,703,1455,687
101,7,1373,704,994,684
101,8,1150,723,836,640
101,9,1204,641,760,681
101,10,1396,711,98,609
101,11,896,595,569,662
101,13,1155,723,515,639
101,14,1106,705,915,652
102,0,977,720,379,634
102,3,1290,714,1734,751
102,4,1354,633,639,648
102,5,1355,648,1250,721
102,6,1307,703,1470,689
102,7,1369,704,1003,684
102,8,1150,724,841,641
102,9,1199,641,770,681
102,11,896,596,574,662
102,12,1247,700,726,642
102,13,1155,724,518,639
102,14,1107,706,922,651
103,0,982,721,381,633
103,1,894,630,433,636
103,2,1515,663,1315,660
103,3,1293,715,1749,753
103,4,1350,634,644,649
103,5,1353,649,1265,722
103,6,1308,704,1482,690
103,7,1370,706,1012,684
103,8,1152,725,847,640
103,9,1198,642,779,682
103,11,901,598,579,662
103,12,1247,701,730,643
103,13,1158,725,520,639
103,14,1108,707,927,653
104,0,978,720,382,633
104,1,891,630,434,636
104,3,1285,713,1760,755
104,4,1339,634,649,650
104,5,1340,648,1280,723
104,6,1298,702,1492,691
104,7,1359,703,1022,685
104,8,1147,723,851,640
104,9,1187,642,789,683
104,10,1381,710,1161,637
104,11,895,598,583,662
104,12,1239,699,733,643
104,13,1152,724,522,639
104,14,1103,707,932,654
105,0,979,719,384,634
105,1,888,630,437,636
105,3,1281,712,1773,757
105,4,1330,635,655,650
105,5,1333,648,1295,725
105,6,1293,700,1509,691
105,7,1352,702,1031,686
105,8,1144,722,856,640
105,9,1181,642,800,684
105,10,1375,709,1148,636
105,11,893,598,589,663
105,12,1233,697,736,644
105,13,1149,723,523,640
105,14,1100,707,938,654
106,0,977,719,385,633
106,1,886,630,438,637
106,3,1276,711,1785,760
106,4,1322,635,660,650
106,5,1323,648,1312,726
106,6,1287,699,1516,692
106,7,1345,701,1041,687
106,8,1141,723,861,641
106,9,1172,642,809,685
106,11,889,598,594,664
106,12,1229,697,741,644
106,14,1098,707,943,654
107,0,977,716,387,633
107,1,882,628,440,637
107,2,1470,657,1345,661
107,3,1270,708,1798,763
107,4,1311,633,665,650
107,5,1314,646,1328,727
107,6,1280,696,1526,692
107,7,1337,699,1051,687
107,8,1136,719,866,641
107,9,1164,639,819,686
107,10,1360,706,526,640
107,11,887,597,598,664
107,12,1221,693,745,645
107,13,1142,720,1614,690
107,14,1094,705,948,655
108,0,979,718,389,633
108,1,882,630,442,637
108,2,1464,657,1355,661
108,3,1269,708,1812,762
108,4,1307,635,670,651
108,5,1310,647,1345,728
108,6,1278,696,1537,693
108,7,1335,699,1062,688
108,8,1138,721,871,641
108,9,1160,641,831,687
108,10,1358,706,530,641
108,11,888,599,603,664
108,12,1218,693,750,646
108,13,1143,722,1627,691
108,14,1094,706,955,655
109,0,979,718,391,634
109,1,881,629,443,637
109,2,1457,656,1365,660
109,3,1266,707,1826,760
109,4,1299,635,676,651
109,5,1302,646,1362,730
109,6,1273,694,1557,695
109,7,1330,698,1072,689
109,8,1136,721,877,641
109,9,1155,640,842,687
109,10,1353,705,534,641
109,11,888,599,608,666
109,12,1214,691,754,646
109,13,1141,721,1641,692
109,14,1091,706,960,655
110,1,881,631,445,637
110,2,1453,657,1375,656
110,3,1265,708,1839,760
110,4,1295,637,682,652
110,5,1299,648,1380,731
110,6,1271,695,1565,695
110,7,1327,699,1082,690
110,8,1137,722,883,642
110,9,1152,641,852,688
110,10,1351,706,537,641
110,11,888,601,613,666
110,12,1212,692,760,646
110,13,1142,723,1654,693
110,14,1092,708,966,655
110,15,1256,651,488,636
111,1,877,631,447,637
111,2,1439,655,1387,654
111,3,1260,706,1855,763
111,4,1283,637,687,652
111,5,1286,647,1399,734
111,6,1264,693,1576,696
111,7,1320,697,1093,690
111,8,1133,721,887,640
111,9,1141,641,864,689
111,10,1343,705,540,642
111,11,884,601,618,666
111,12,1207,690,766,647
111,13,1138,722,1672,694
111,14,1089,708,972,655
112,0,982,717,396,634
112,1,877,631,448,637
112,2,1429,654,1398,653
112,3,1258,704,1870,765
112,4,1275,637,693,652
112,5,1279,647,1418,736
112,6,1261,692,1589,696
112,7,1315,697,1104,692
112,8,1133,720,893,637
112,9,1135,640,875,690
112,11,885,601,623,666
112,12,1203,689,771,647
112,13,1138,721,1689,694
112,14,1088,707,977,655
113,1,874,630,450,637
113,2,1420,652,1411,654
113,3,1252,703,1885,768
113,4,1267,636,698,652
113,5,1271,646,1436,737
113,6,1254,690,1603,697
113,7,1307,695,1115,692
113,8,1128,719,898,635
113,9,1127,639,887,690
113,10,1330,703,1034,661
113,11,883,600,628,667
113,12,1194,687,774,647
113,13,1133,720,1705,695
113,14,1083,706,982,656
114,1,871,630,452,637
114,2,1411,650,1422,655
114,3,1247,702,1901,772
114,4,1259,635,703,653
114,5,1263,645,1455,739
114,6,1248,689,1616,698
114,7,1301,694,1127,694
114,8,1125,719,904,634
114,9,1121,638,899,691
114,10,1324,701,1042,661
114,11,879,600,634,668
114,12,1190,686,780,647
114,13,1130,720,1720,695
114,14,1081,706,989,656
115,0,982,714,402,635
115,1,871,629,455,638
115,2,1402,649,1434,656
115,4,1251,635,709,653
115,5,1256,644,1475,740
115,6,1245,686,1628,698
115,7,1298,693,1137,694
115,8,1125,717,906,633
115,9,1116,637,911,692
115,10,1320,700,1047,662
115,11,883,599,640,668
115,12,1188,684,786,648
115,13,1129,717,1737,697
116,0,985,711,404,636
116,1,868,626,456,638
116,2,1395,647,1446,657
116,3,1244,697,1000,656
116,4,1243,634,714,653
116,5,1251,642,1495,741
116,6,1243,684,1642,699
116,7,1295,692,1149,695
116,8,1124,714,911,632
116,9,1109,634,922,693
116,10,1317,699,1054,663
116,11,883,596,645,668
116,12,1183,681,791,648
116,13,1129,715,1753,699
117,0,981,713,406,635
117,1,866,629,458,638
117,2,1383,647,1459,660
117,3,1236,698,1007,655
117,4,1236,636,718,654
117,5,1241,645,1516,742
117,6,1233,684,1658,700
117,7,1284,690,1161,695
117,8,1118,716,917,631
117,9,1101,638,934,694
117,10,1305,698,1062,664
117,11,877,600,650,669
117,12,1176,682,796,648
117,13,1123,716,1769,699
118,0,985,714,408,635
118,1,866,629,460,638
118,2,1378,647,1471,664
118,3,1237,697,1013,655
118,4,1231,637,721,654
118,5,1237,645,1537,744
118,6,1233,684,1673,701
118,7,1284,691,1173,697
118,8,1120,716,923,632
118,9,1098,638,946,695
118,10,1306,698,1071,665
118,11,880,600,655,669
118,12,1174,681,802,648
118,13,1126,717,1788,700
118,14,1075,705,566,643
118,15,1206,647,507,634
119,0,983,713,410,635
119,1,863,629,463,639
119,2,1369,645,1484,666
119,3,1232,696,1018,652
119,4,1221,637,730,655
119,5,1226,644,1559,746
119,6,1226,682,1687,701
119,7,1276,689,1186,698
119,8,1116,716,928,633
119,9,1091,637,959,695
119,10,1299,697,1079,665
119,11,875,601,661,669
119,12,1170,679,807,648
119,13,1121,716,1806,701
119,14,1071,705,570,643
119,15,1197,646,509,634
120,0,984,713,412,635
120,1,863,630,465,639
120,2,1359,644,1497,668
120,4,1214,637,739,655
120,5,1221,644,1581,748
120,6,1222,681,1702,702
120,7,1271,689,1199,700
120,8,1116,716,933,637
120,9,1085,637,971,697
120,10,1294,697,1087,666
120,11,877,601,667,669
120,12,1163,678,812,648
120,13,1121,716,1826,702
120,14,1071,705,573,643
120,15,1192,645,511,634
121,0,987,713,414,635
121,1,862,630,467,639
121,2,1355,644,1510,671
121,3,1230,695,244,640
121,4,1210,638,746,655
121,5,1217,644,1605,750
121,6,1222,681,1717,703
121,7,1271,690,1211,700
121,8,1117,716,937,640
121,9,1082,636,984,698
121,10,1293,697,1095,666
121,11,879,602,672,670
121,12,1163,678,816,649
121,13,1122,716,1843,703
121,14,1071,705,576,643
121,15,1189,646,512,634
121,16,1067,690,1031,651
122,0,989,713,416,635
122,1,862,630,470,639
122,2,1349,644,1523,672
122,4,1203,638,752,656
122,5,1211,645,1628,752
122,6,1218,680,1734,704
122,7,1265,689,1224,701
122,8,1114,715,944,640
122,9,1077,636,998,699
122,10,1288,697,1104,666
122,11,879,602,678,671
122,12,1159,677,821,649
122,13,1120,716,1852,704
122,14,1069,705,580,643
122,15,1185,646,515,634
123,0,988,711,419,635
123,1,859,630,472,640
123,2,1339,642,1537,673
123,4,1195,638,758,656
123,5,1203,644,1653,755
123,6,1213,678,1750,704
123,7,1260,688,1237,702
123,8,1112,714,948,641
123,9,1069,636,1012,699
123,10,1282,695,1113,666
123,11,876,602,685,671
123,12,1154,675,825,649
123,13,1117,715,1861,701
123,14,1066,704,584,643
123,15,1177,645,518,635
124,0,991,714,420,635
124,1,861,633,474,640
124,2,1336,644,1552,674
124,4,1192,641,766,656
124,5,1200,647,1677,757
124,6,1213,680,1768,706
124,7,1261,690,1251,703
124,8,1114,717,954,641
124,9,1067,638,1026,700
124,10,1282,698,1121,666
124,11,879,605,691,672
124,12,1155,677,829,650
124,13,1119,717,1870,700
124,14,1068,707,588,644
124,15,1177,647,520,636
125,0,992,714,422,635
125,1,861,632,477,640
125,2,1328,643,1565,675
125,4,1186,640,772,657
125,5,1195,646,1703,759
125,6,1209,679,1781,707
125,7,1256,690,1265,704
125,8,1114,717,959,641
125,9,1063,637,1041,701
125,10,1278,697,1128,667
125,11,879,605,697,672
125,12,1151,676,835,650
125,14,1069,707,590,644
125,15,1172,647,522,636
126,0,990,712,425,635
126,1,856,632,479,640
126,2,1316,641,1579,675
126,3,1214,691,1887,671
126,4,1176,640,778,658
126,5,1185,645,1728,761
126,6,1201,676,1788,709
126,7,1247,687,1279,705
126,8,1109,715,965,641
126,9,1054,637,1055,703
126,10,1268,695,1135,667
126,11,874,604,703,673
126,12,1142,673,843,651
126,14,1063,706,593,644
126,15,1163,646,525,636
127,0,989,711,427,635
127,1,854,630,482,640
127,2,1307,639,1594,676
127,4,1168,639,786,658
127,5,1176,643,1745,762
127,6,1197,675,1796,702
127,7,1243,685,1294,706
127,8,1108,713,971,642
127,9,1045,635,1070,705
127,10,1265,693,1142,667
127,11,874,603,709,673
127,12,1139,672,850,651
127,14,1061,705,596,645
128,0,990,710,429,635
128,1,852,631,484,640
128,2,1302,638,1608,677
128,3,1208,689,529,635
128,4,1162,638,793,659
128,5,1171,643,1756,764
128,6,1193,674,1803,697
128,7,1237,685,1308,706
128,8,1103,712,978,644
128,9,1042,634,1085,706
128,10,1259,693,1151,668
128,11,873,603,716,674
128,12,1134,671,854,651
128,14,1058,704,599,646
129,0,992,712,431,635
129,1,854,632,488,640
129,2,1297,639,1623,678
129,3,1207,689,530,635
129,4,1159,641,800,659
129,5,1169,645,1768,767
129,6,1191,674,1811,691
129,7,1234,685,1323,708
129,8,1104,714,984,646
129,9,1042,637,1101,707
129,10,1257,693,1158,668
129,11,873,605,722,674
129,12,1134,671,857,651
129,14,1059,706,603,645
